@type xy
#  ppjet:    [pt, dNch/ptdpt(pt)] 
   1.0000000000000000       0.14288553214823238     
   1.0500000000000000       0.12196511896381006     
   1.1000000000000001       0.10409017476681867     
   1.1499999999999999       8.88214049279575230E-002
   1.2000000000000000       7.57818797694620461E-002
   1.2500000000000000       6.46484494657065811E-002
   1.3000000000000000       5.51442623595108025E-002
   1.3500000000000001       4.70322698422963453E-002
   1.3999999999999999       4.01096044432637799E-002
   1.4500000000000000       3.42027251094856946E-002
   1.5000000000000000       2.91632328024276875E-002
   1.5500000000000000       2.48642692839704249E-002
   1.6000000000000001       2.11974216131908429E-002
   1.6500000000000001       1.80700640268250841E-002
   1.7000000000000000       1.54030773241965908E-002
   1.7500000000000000       1.31288935322840354E-002
   1.8000000000000000       1.11898204719946930E-002
   1.8500000000000001       9.53660690932086295E-003
   1.9000000000000001       8.12721430588468456E-003
   1.9500000000000000       6.92576584529681818E-003
   2.0000000000000000       5.90164747178586677E-003
   2.0500000000000003       5.02873920204889580E-003
   2.1000000000000001       4.28475802316228855E-003
   2.1499999999999999       3.65069632674900864E-003
   2.2000000000000002       3.11034210502138296E-003
   2.2500000000000000       2.64986909484238743E-003
   2.3000000000000003       2.25748674324639754E-003
   2.3500000000000001       1.92314131861001246E-003
   2.3999999999999999       1.63826073798199225E-003
   2.4500000000000002       1.39553675099097141E-003
   2.5000000000000000       1.18873903861968521E-003
   2.5500000000000003       1.01255657211323609E-003
   2.6000000000000001       8.62462251687922928E-004
   2.6499999999999999       7.34597422358696005E-004
   2.7000000000000002       6.25673358774814746E-004
   2.7500000000000000       5.32887234228735809E-004
   2.8000000000000003       4.53850451132838117E-004
   2.8500000000000001       3.86527519975293733E-004
   2.8999999999999999       3.29183938578259420E-004
   2.9500000000000002       2.80341749838443430E-004
&
#  AA-ridge: [pt, dNch/ptdpt(pt)] 
   1.0000000000000000       0.18267324733066784     
   1.0500000000000000       0.17271957933069002     
   1.1000000000000001       0.16231492743011350     
   1.1499999999999999       0.15142981173148631     
   1.2000000000000000       0.14012779091576000     
   1.2500000000000000       0.12864346048371514     
   1.3000000000000000       0.11732701707111637     
   1.3500000000000001       0.10648312921976091     
   1.3999999999999999       9.62964928066482179E-002
   1.4500000000000000       8.68525858237245429E-002
   1.5000000000000000       7.81750646829238172E-002
   1.5500000000000000       7.02521224391914889E-002
   1.6000000000000001       6.30521495545934979E-002
   1.6500000000000001       5.65328876398360630E-002
   1.7000000000000000       5.06469081592811690E-002
   1.7500000000000000       4.53449368442123968E-002
   1.8000000000000000       4.05779570971843834E-002
   1.8500000000000001       3.62985156989195021E-002
   1.9000000000000001       3.24615145987427814E-002
   1.9500000000000000       2.90246692099563157E-002
   2.0000000000000000       2.59487340098189107E-002
   2.0500000000000003       2.31975743680689003E-002
   2.1000000000000001       2.07381248324831069E-002
   2.1499999999999999       1.85402838067001384E-002
   2.2000000000000002       1.65767607036639356E-002
   2.2500000000000000       1.48228993099033882E-002
   2.3000000000000003       1.32564842461590747E-002
   2.3500000000000001       1.18575457506214840E-002
   2.3999999999999999       1.06081670524451159E-002
   2.4500000000000002       9.49229803692529760E-003
   2.5000000000000000       8.49557883529503816E-003
   2.5500000000000003       7.60517492033415364E-003
   2.6000000000000001       6.80962510444218985E-003
   2.6499999999999999       6.09870028125410017E-003
   2.7000000000000002       5.46327576455445454E-003
   2.7500000000000000       4.89521508188768550E-003
   2.8000000000000003       4.38726479634351640E-003
   2.8500000000000001       3.93295977588575558E-003
   2.8999999999999999       3.52653807339770248E-003
   2.9500000000000002       3.16286458974734952E-003
&
#  AA jet+ridge: [pt, dNch/ptdpt(pt)]
   1.0000000000000000       0.27297690364835070     
   1.0500000000000000       0.24980153451581796     
   1.1000000000000001       0.22809991788274289     
   1.1499999999999999       0.20756493964595546     
   1.2000000000000000       0.18802193893006000     
   1.2500000000000000       0.16950128054604169     
   1.3000000000000000       0.15217819088232720     
   1.3500000000000001       0.13620752376009221     
   1.3999999999999999       0.12164576281479093     
   1.4500000000000000       0.10846870809291950     
   1.5000000000000000       9.66062278140581154E-002
   1.5500000000000000       8.59663406266607949E-002
   1.6000000000000001       7.64489200141301173E-002
   1.6500000000000001       6.79531681047895186E-002
   1.7000000000000000       6.03816530281734154E-002
   1.7500000000000000       5.36423975566159075E-002
   1.8000000000000000       4.76499236354850295E-002
   1.8500000000000001       4.23256512656102896E-002
   1.9000000000000001       3.75979140400619014E-002
   1.9500000000000000       3.34017532241839069E-002
   2.0000000000000000       2.96785752119875790E-002
   2.0500000000000003       2.63757375437638011E-002
   2.1000000000000001       2.34460919031216734E-002
   2.1499999999999999       2.08475238852055128E-002
   2.2000000000000002       1.85424969140374485E-002
   2.2500000000000000       1.64976165778437760E-002
   2.3000000000000003       1.46832158678907986E-002
   2.3500000000000001       1.30729710639830125E-002
   2.3999999999999999       1.16435478388497351E-002
   2.4500000000000002       1.03742772635515915E-002
   2.5000000000000000       9.24686190770267896E-003
   2.5500000000000003       8.24511067390971963E-003
   2.6000000000000001       7.35470124750895685E-003
   2.6499999999999999       6.56296585218479629E-003
   2.7000000000000002       5.85870132730013753E-003
   2.7500000000000000       5.23199981392024650E-003
   2.8000000000000003       4.67409828145947011E-003
   2.8500000000000001       4.17724516851014117E-003
   2.8999999999999999       3.73458232257916235E-003
   2.9500000000000002       3.34004057564524573E-003
&
