@type xy
#  ppjet:    [pt, dNch/ptdpt(pt)] 
  0.14999999999999999        1.6698647455379876     
  0.20000000000000001        1.5591006275338688     
  0.25000000000000000        1.4472539700657094     
  0.29999999999999999        1.3387356109464070     
  0.34999999999999998        1.2355864033445811     
  0.40000000000000002        1.1386393980567442     
  0.45000000000000001        1.0481153977665167     
  0.50000000000000000       0.96392676943065103     
  0.55000000000000004       0.88583456165452168     
  0.59999999999999998       0.81353064640164863     
  0.65000000000000002       0.74668065879090983     
  0.70000000000000007       0.68494610535028466     
  0.75000000000000000       0.62799536012294355     
  0.80000000000000004       0.57550880207672672     
  0.85000000000000009       0.52718095548505073     
  0.90000000000000002       0.48272117759275984     
  0.95000000000000007       0.44185370194584839     
   1.0000000000000000       0.40431743594824932     
   1.0500000000000000       0.36986568841615475     
   1.1000000000000001       0.33826588787819595     
   1.1500000000000001       0.30929929853278576     
   1.2000000000000000       0.28276072038020461     
   1.2500000000000000       0.25845815668579036     
   1.3000000000000000       0.23621243614625592     
   1.3500000000000001       0.21585678373678899     
   1.4000000000000001       0.19723634059316419     
   1.4500000000000002       0.18020763830189732     
   1.5000000000000000       0.16463803632270455     
   1.5500000000000000       0.15040513305458139     
   1.6000000000000001       0.13739616156265333     
   1.6500000000000001       0.12550738054008295     
   1.7000000000000002       0.11464347000475573     
   1.7500000000000000       0.10471693979426820     
   1.8000000000000000       9.56475573385178746E-002
   1.8500000000000001       8.73617996133886632E-002
   1.9000000000000001       7.97923327173342689E-002
   1.9500000000000002       7.28775212279105938E-002
   2.0000000000000000       6.65609684168113752E-002
   2.0500000000000003       6.07910875344595605E-002
   2.1000000000000001       5.55207037067302761E-002
   2.1499999999999999       5.07066854950534926E-002
   2.2000000000000002       4.63096048302852129E-002
   2.2500000000000000       4.22934238125865156E-002
   2.3000000000000003       3.86252067479411001E-002
   2.3500000000000001       3.52748557434675800E-002
   2.3999999999999999       3.22148681886640850E-002
   2.4500000000000002       2.94201144920562610E-002
   2.5000000000000000       2.68676345098399806E-002
   2.5500000000000003       2.45364511854256895E-002
   2.6000000000000001       2.24074000092694577E-002
   2.6500000000000004       2.04629730019803627E-002
   2.7000000000000002       1.86871760169867902E-002
   2.7500000000000000       1.70653982497269673E-002
   2.8000000000000003       1.55842929270030954E-002
   2.8500000000000001       1.42316682319745778E-002
   2.9000000000000004       1.29963875968920409E-002
   2.9500000000000002       1.18682785669795791E-002
   3.0000000000000000       1.08380495049343727E-002
   3.0500000000000003       9.89721346652624318E-003
   3.1000000000000001       9.03801863399681348E-003
   3.1500000000000004       8.25338474567233540E-003
   3.2000000000000002       7.53684500771485254E-003
   3.2500000000000000       6.88249301754308325E-003
   3.3000000000000003       6.28493426845457958E-003
   3.3500000000000001       5.73924184164576780E-003
   3.4000000000000004       5.24091592542507562E-003
   3.4500000000000002       4.78584683218916899E-003
   3.5000000000000000       4.37028121191231599E-003
   3.5500000000000003       3.99079118669832308E-003
   3.6000000000000001       3.64424615455663905E-003
   3.6500000000000004       3.32778703217258753E-003
   3.7000000000000002       3.03880272621203295E-003
   3.7500000000000000       2.77490864078648158E-003
   3.8000000000000003       2.53392704524839796E-003
   3.8500000000000001       2.31386914161574699E-003
   3.9000000000000004       2.11291868476141649E-003
   3.9500000000000002       1.92941702115441167E-003
   4.0000000000000000       1.76184942350714364E-003
&
#  AA-ridge: [pt, dNch/ptdpt(pt)] 
  0.14999999999999999       6.28988696190106722E-002
  0.20000000000000001       9.54981569409946579E-002
  0.25000000000000000       0.13547224667598259     
  0.29999999999999999       0.18381595515767610     
  0.34999999999999998       0.24152238569065829     
  0.40000000000000002       0.30953341700143772     
  0.45000000000000001       0.38866137192775024     
  0.50000000000000000       0.47946041281189777     
  0.55000000000000004       0.58200421427375149     
  0.59999999999999998       0.69553926180519143     
  0.65000000000000002       0.81796054044510080     
  0.70000000000000007       0.94518441013005994     
  0.75000000000000000        1.0704578566229961     
  0.80000000000000004        1.1838227432360697     
  0.85000000000000009        1.2729322053575280     
  0.90000000000000002        1.3261169958126200     
  0.95000000000000007        1.3358570999050696     
   1.0000000000000000        1.3016552438681410     
   1.0500000000000000        1.2319493817909006     
   1.1000000000000001        1.1408250351033373     
   1.1500000000000001        1.0409950736429561     
   1.2000000000000000       0.94066460948982045     
   1.2500000000000000       0.84433348799994778     
   1.3000000000000000       0.75424669093236341     
   1.3500000000000001       0.67137903099868546     
   1.4000000000000001       0.59599485356827375     
   1.4500000000000002       0.52795933624760383     
   1.5000000000000000       0.46691676334467136     
   1.5500000000000000       0.41239525992826886     
   1.6000000000000001       0.36386997199471943     
   1.6500000000000001       0.32080238744321221     
   1.7000000000000002       0.28266425878950102     
   1.7500000000000000       0.24895177323163523     
   1.8000000000000000       0.21919391586290612     
   1.8500000000000001       0.19295643019668873     
   1.9000000000000001       0.16984341757275578     
   1.9500000000000002       0.14949658531032323     
   2.0000000000000000       0.13159377237489997     
   2.0500000000000003       0.11584716550534220     
   2.1000000000000001       0.10200030842081387     
   2.1499999999999999       8.98255808187592986E-002
   2.2000000000000002       7.91214519165186897E-002
   2.2500000000000000       6.97101040535496597E-002
   2.3000000000000003       6.14346448074756246E-002
   2.3500000000000001       5.41569381035318237E-002
   2.3999999999999999       4.77554810181411021E-002
   2.4500000000000002       4.21235196566102227E-002
   2.5000000000000000       3.71673561311305772E-002
   2.5500000000000003       3.28047242077485479E-002
   2.6000000000000001       2.89634268807888451E-002
   2.6500000000000004       2.55801338751566604E-002
   2.7000000000000002       2.25992932313177734E-002
   2.7500000000000000       1.99721811954684976E-002
   2.8000000000000003       1.76560596264457442E-002
   2.8500000000000001       1.56134332421747780E-002
   2.9000000000000004       1.38114025336699628E-002
   2.9500000000000002       1.22210916065263464E-002
   3.0000000000000000       1.08171568673476309E-002
   3.0500000000000003       9.57734410597658493E-003
   3.1000000000000001       8.48210530141254443E-003
   3.1500000000000004       7.51426645561440853E-003
   3.2000000000000002       6.65873018306473250E-003
   3.2500000000000000       5.90222450690544576E-003
   3.3000000000000003       5.23307677488433435E-003
   3.3500000000000001       4.64101577531192151E-003
   3.4000000000000004       4.11700251828053202E-003
   3.4500000000000002       3.65307695953687303E-003
   3.5000000000000000       3.24222961139249751E-003
   3.5500000000000003       2.87828315380164257E-003
   3.6000000000000001       2.55579342341751047E-003
   3.6500000000000004       2.26995918088196934E-003
   3.7000000000000002       2.01654602898898539E-003
   3.7500000000000000       1.79181745682044412E-003
   3.8000000000000003       1.59247520665718625E-003
   3.8500000000000001       1.41560693860719069E-003
   3.9000000000000004       1.25864028954508398E-003
   3.9500000000000002       1.11930242299961187E-003
   4.0000000000000000       9.95584547506574028E-004
&
#  AA jet+ridge: [pt, dNch/ptdpt(pt)]
  0.14999999999999999        1.1182533887990189     
  0.20000000000000001        1.0808497535423998     
  0.25000000000000000        1.0501367557575110     
  0.29999999999999999        1.0298968612758053     
  0.34999999999999998        1.0224129926044336     
  0.40000000000000002        1.0291535165733001     
  0.45000000000000001        1.0510703033161888     
  0.50000000000000000        1.0886621310920692     
  0.55000000000000004        1.1418516572394093     
  0.59999999999999998        1.2096906303310333     
  0.65000000000000002        1.2898627168009558     
  0.70000000000000007        1.3780703487114399     
  0.75000000000000000        1.4673509242206964     
  0.80000000000000004        1.5475443061485610     
  0.85000000000000009        1.6061105692240800     
  0.90000000000000002        1.6311967800512441     
  0.95000000000000007        1.6151086395348457     
   1.0000000000000000        1.5571838633874346     
   1.0500000000000000        1.4657044968699104     
   1.1000000000000001        1.3546090762423573     
   1.1500000000000001        1.2364722303156768     
   1.2000000000000000        1.1193693847701098     
   1.2500000000000000        1.0076790430253673     
   1.3000000000000000       0.90353295057679717     
   1.3500000000000001       0.80780051832033606     
   1.4000000000000001       0.72064822082315350     
   1.4500000000000002       0.64185056365440296     
   1.5000000000000000       0.57096800230062061     
   1.5500000000000000       0.50745130401876426     
   1.6000000000000001       0.45070434610231636     
   1.6500000000000001       0.40012305194454462     
   1.7000000000000002       0.35511893183250665     
   1.7500000000000000       0.31513287918161276     
   1.8000000000000000       0.27964317210084944     
   1.8500000000000001       0.24816908755235037     
   1.9000000000000001       0.22027217185011105     
   1.9500000000000002       0.19555517872636272     
   2.0000000000000000       0.17366030441432476     
   2.0500000000000003       0.15426713282712065     
   2.1000000000000001       0.13708939316346741     
   2.1499999999999999       0.12187220605163311     
   2.2000000000000002       0.10838912216925894     
   2.2500000000000000       9.64395479031043418E-002
   2.3000000000000003       8.58457754721743960E-002
   2.3500000000000001       7.64506469334033378E-002
   2.3999999999999999       6.81152777133768039E-002
   2.4500000000000002       6.07170320155897766E-002
   2.5000000000000000       5.41477011413494455E-002
   2.5500000000000003       4.83117613569375853E-002
   2.6000000000000001       4.31249036866471411E-002
   2.6500000000000004       3.85127328124082527E-002
   2.7000000000000002       3.44095884740534264E-002
   2.7500000000000000       3.07575128892959397E-002
   2.8000000000000003       2.75053327563117012E-002
   2.8500000000000001       2.46078475647827123E-002
   2.9000000000000004       2.20251194949057337E-002
   2.9500000000000002       1.97218436608574410E-002
   3.0000000000000000       1.76668041544661529E-002
   3.0500000000000003       1.58323830168211714E-002
   3.1000000000000001       1.41941330780985305E-002
   3.1500000000000004       1.27304056148793247E-002
   3.2000000000000002       1.14220162279405190E-002
   3.2500000000000000       1.02519600939926740E-002
   3.3000000000000003       9.20515523254762831E-003
   3.3500000000000001       8.26821661923204596E-003
   3.4000000000000004       7.42926138314917942E-003
   3.4500000000000002       6.67773215748042760E-003
   3.5000000000000000       6.00424733732108154E-003
   3.5500000000000003       5.40046318379498302E-003
   3.6000000000000001       4.85895699309730599E-003
   3.6500000000000004       4.37312058521504426E-003
   3.7000000000000002       3.93706935195498996E-003
   3.7500000000000000       3.54555971779750047E-003
   3.8000000000000003       3.19391709925417357E-003
   3.8500000000000001       2.87797223610834286E-003
   3.9000000000000004       2.59400489831429926E-003
   3.9500000000000002       2.33869398036920008E-003
   4.0000000000000000       2.10907338316308887E-003
&
