@type xy
#  ppjet:    [pt, dNch/ptdpt(pt)] 
  0.14999999999999999        1.6690268188307016     
  0.20000000000000001        1.5577723064897828     
  0.25000000000000000        1.4454371295990263     
  0.29999999999999999        1.3364814268085488     
  0.34999999999999998        1.2329801413299186     
  0.40000000000000002        1.1357854757731514     
  0.45000000000000001        1.0451241729942731     
  0.50000000000000000       0.96090393622355363     
  0.55000000000000004       0.88287353724532669     
  0.59999999999999998       0.81070791688382737     
  0.65000000000000002       0.74405374731859508     
  0.70000000000000007       0.68255364401600738     
  0.75000000000000000       0.62585867629147540     
  0.80000000000000004       0.57363444824680954     
  0.85000000000000009       0.52556368914505780     
  0.90000000000000002       0.48134700526935986     
  0.95000000000000007       0.44070271623365775     
   1.0000000000000000       0.40336627948976067     
   1.0500000000000000       0.36908956546163785     
   1.1000000000000001       0.33764010892534674     
   1.1500000000000001       0.30880038740245658     
   1.2000000000000000       0.28236713900787508     
   1.2500000000000000       0.25815071489975067     
   1.3000000000000000       0.23597445575809051     
   1.3500000000000001       0.21567408186634265     
   1.4000000000000001       0.19709708904912851     
   1.4500000000000002       0.18010214607584651     
   1.5000000000000000       0.16455849223083541     
   1.5500000000000000       0.15034533617270326     
   1.6000000000000001       0.13735125885787333     
   1.6500000000000001       0.12547362424262098     
   1.7000000000000002       0.11461800182910563     
   1.7500000000000000       0.10469760502905522     
   1.8000000000000000       9.56327489219343518E-002
   1.8500000000000001       8.73503304019410121E-002
   1.9000000000000001       7.97833330357679144E-002
   1.9500000000000002       7.28703582631786972E-002
   2.0000000000000000       6.65551839161264008E-002
   2.0500000000000003       6.07863504422768014E-002
   2.1000000000000001       5.55167747136334627E-002
   2.1499999999999999       5.07033908874810132E-002
   2.2000000000000002       4.63068174639330518E-002
   2.2500000000000000       4.22910494454383570E-002
   2.3000000000000003       3.86231743389153920E-002
   2.3500000000000001       3.52731106394624863E-002
   2.3999999999999999       3.22133673843540899E-002
   2.4500000000000002       2.94188233563550706E-002
   2.5000000000000000       2.68665245364995663E-002
   2.5500000000000003       2.45354984499567413E-002
   2.6000000000000001       2.24065841074913077E-002
   2.6500000000000004       2.04622763137033460E-002
   2.7000000000000002       1.86865831873770233E-002
   2.7500000000000000       1.70648958155856477E-002
   2.8000000000000003       1.55838690393181670E-002
   2.8500000000000001       1.42313124426308758E-002
   2.9000000000000004       1.29960906885784825E-002
   2.9500000000000002       1.18680324127471894E-002
   3.0000000000000000       1.08378469487180711E-002
   3.0500000000000003       9.89704821908634139E-003
   3.1000000000000001       9.03788518073412109E-003
   3.1500000000000004       8.25327826403010265E-003
   3.2000000000000002       7.53676129265643327E-003
   3.2500000000000000       6.88242841407214149E-003
   3.3000000000000003       6.28488561043026150E-003
   3.3500000000000001       5.73920639631807662E-003
   3.4000000000000004       5.24089134321794117E-003
   3.4500000000000002       4.78583110132154137E-003
   3.5000000000000000       4.37027261748637076E-003
   3.5500000000000003       3.99078827391124383E-003
   3.6000000000000001       3.64424769571180477E-003
   3.6500000000000004       3.32779199718388633E-003
   3.7000000000000002       3.03881025630986078E-003
   3.7500000000000000       2.77491802515006250E-003
   3.8000000000000003       2.53393770030378284E-003
   3.8500000000000001       2.31388059275458103E-003
   3.9000000000000004       2.11293055025083606E-003
   3.9500000000000002       1.92942899802389851E-003
   4.0000000000000000       1.76186127521321938E-003
&
#  AA-ridge: [pt, dNch/ptdpt(pt)] 
  0.14999999999999999       3.28109575332425907E-002
  0.20000000000000001       4.97027160198051862E-002
  0.25000000000000000       7.04304338024724502E-002
  0.29999999999999999       9.55847607658933673E-002
  0.34999999999999998       0.12580286809055186     
  0.40000000000000002       0.16176147354768708     
  0.45000000000000001       0.20416480858414507     
  0.50000000000000000       0.25372610105175375     
  0.55000000000000004       0.31113306347772901     
  0.59999999999999998       0.37699512657247036     
  0.65000000000000002       0.45174590970774009     
  0.70000000000000007       0.53550009050782044     
  0.75000000000000000       0.62782615083908555     
  0.80000000000000004       0.72744500598097162     
  0.85000000000000009       0.83185441513631109     
  0.90000000000000002       0.93682347239673958     
  0.95000000000000007        1.0358360033704395     
   1.0000000000000000        1.1202807431475692     
   1.0500000000000000        1.1811919057353131     
   1.1000000000000001        1.2113782047013715     
   1.1500000000000001        1.2066923876861102     
   1.2000000000000000        1.1676555107893973     
   1.2500000000000000        1.1011626339878624     
   1.3000000000000000        1.0182948276909993     
   1.3500000000000001       0.92905675891416450     
   1.4000000000000001       0.83995543708019815     
   1.4500000000000002       0.75459393995899493     
   1.5000000000000000       0.67478681739042301     
   1.5500000000000000       0.60132669372895986     
   1.6000000000000001       0.53442632823296199     
   1.6500000000000001       0.47396752972179845     
   1.7000000000000002       0.41964590749781622     
   1.7500000000000000       0.37105727947428369     
   1.8000000000000000       0.32775007814412488     
   1.8500000000000001       0.28925963405476890     
   1.9000000000000001       0.25512814845351323     
   1.9500000000000002       0.22491737708141754     
   2.0000000000000000       0.19821663926060507     
   2.0500000000000003       0.17464587004280765     
   2.1000000000000001       0.15385764339272576     
   2.1499999999999999       0.13553674335689150     
   2.2000000000000002       0.11939919661497894     
   2.2500000000000000       0.10519058170748691     
   2.3000000000000003       9.26838740863426408E-002
   2.3500000000000001       8.16770937442419104E-002
   2.3999999999999999       7.19911278438194746E-002
   2.4500000000000002       6.34676344120612829E-002
   2.5000000000000000       5.59666908376144703E-002
   2.5500000000000003       4.93649272317644022E-002
   2.6000000000000001       4.35536470023414057E-002
   2.6500000000000004       3.84372584703474920E-002
   2.7000000000000002       3.39317217942396235E-002
   2.7500000000000000       2.99631481966038601E-002
   2.8000000000000003       2.64666271892020286E-002
   2.8500000000000001       2.33851550429530902E-002
   2.9000000000000004       2.06686696146014155E-002
   2.9500000000000002       1.82732222625667344E-002
   3.0000000000000000       1.61602422924300854E-002
   3.0500000000000003       1.42958432974728353E-002
   3.1000000000000001       1.26502641748682306E-002
   3.1500000000000004       1.11973645013135805E-002
   3.2000000000000002       9.91417793447464668E-003
   3.2500000000000000       8.78052499158872221E-003
   3.3000000000000003       7.77866565824521326E-003
   3.3500000000000001       6.89300464816882969E-003
   3.4000000000000004       6.10982457937214122E-003
   3.4500000000000002       5.41705704855002020E-003
   3.5000000000000000       4.80408116688249131E-003
   3.5500000000000003       4.26154583666278359E-003
   3.6000000000000001       3.78121833258762783E-003
   3.6500000000000004       3.35584480115385612E-003
   3.7000000000000002       2.97903234163874762E-003
   3.7500000000000000       2.64514611409270633E-003
   3.8000000000000003       2.34921619794281047E-003
   3.8500000000000001       2.08685797698551475E-003
   3.9000000000000004       1.85420301334335421E-003
   3.9500000000000002       1.64783626588187160E-003
   4.0000000000000000       1.46474183608449860E-003
&
#  AA jet+ridge: [pt, dNch/ptdpt(pt)]
  0.14999999999999999        1.0876359070342461     
  0.20000000000000001        1.0342148137213480     
  0.25000000000000000       0.98394669970905702     
  0.29999999999999999       0.94024102250889618     
  0.34999999999999998       0.90504631741106045     
  0.40000000000000002       0.87957789423631871     
  0.45000000000000001       0.86468328591652566     
  0.50000000000000000       0.86101738874503964     
  0.55000000000000004       0.86910913901677544     
  0.59999999999999998       0.88936253004304922     
  0.65000000000000002       0.92198787801309223     
  0.70000000000000007       0.96687399352593706     
  0.75000000000000000        1.0233688342552980     
  0.80000000000000004        1.0899819772729553     
  0.85000000000000009        1.1640106666759875     
  0.90000000000000002        1.2410347797269750     
  0.95000000000000007        1.3143601200301112     
   1.0000000000000000        1.3752082317850980     
   1.0500000000000000        1.4144565111070682     
   1.1000000000000001        1.4247667535421906     
   1.1500000000000001        1.4018542325244627     
   1.2000000000000000        1.3461115426423744     
   1.2500000000000000        1.2643138858045049     
   1.3000000000000000        1.1674306837301125     
   1.3500000000000001        1.0653627786536930     
   1.4000000000000001       0.96452079735924734     
   1.4500000000000002       0.86841849627892997     
   1.5000000000000000       0.77878778448031094     
   1.5500000000000000       0.69634494619010834     
   1.6000000000000001       0.62123232383113791     
   1.6500000000000001       0.55326686024313487     
   1.7000000000000002       0.49208448465381099     
   1.7500000000000000       0.43722616585264656     
   1.8000000000000000       0.38818997546278738     
   1.8500000000000001       0.34446504286879565     
   1.9000000000000001       0.30555121493211856     
   1.9500000000000002       0.27097144350374647     
   2.0000000000000000       0.24027951549559695     
   2.0500000000000003       0.21306284352232660     
   2.1000000000000001       0.18894424501174212     
   2.1499999999999999       0.16758128639777950     
   2.2000000000000002       0.14866510525218463     
   2.2500000000000000       0.13191852495700396     
   2.3000000000000003       0.11709372026853716     
   2.3500000000000001       0.10396969966838220     
   2.3999999999999999       9.23499760307312650E-002
   2.4500000000000002       8.20603307732776927E-002
   2.5000000000000000       7.29463343446822010E-002
   2.5500000000000003       6.48713622521370631E-002
   2.6000000000000001       5.77146081582759138E-002
   2.6500000000000004       5.13694171006080086E-002
   2.7000000000000002       4.57416423686619056E-002
   2.7500000000000000       4.07481623520539876E-002
   2.8000000000000003       3.63156324220511098E-002
   2.8500000000000001       3.23793445066958008E-002
   2.9000000000000004       2.88821989297830158E-002
   2.9500000000000002       2.57738187474229573E-002
   3.0000000000000000       2.30097615640199073E-002
   3.0500000000000003       2.05507777719354037E-002
   3.1000000000000001       1.83622076090921953E-002
   3.1500000000000004       1.64134363641806058E-002
   3.2000000000000002       1.46774110714335132E-002
   3.2500000000000000       1.31302197492823153E-002
   3.3000000000000003       1.17507133640371384E-002
   3.3500000000000001       1.05201830906418541E-002
   3.4000000000000004       9.42206790828587978E-003
   3.4500000000000002       8.44170230458523435E-003
   3.5000000000000000       7.56609346113387791E-003
   3.5500000000000003       6.78372402577468933E-003
   3.6000000000000001       6.08438287627748823E-003
   3.6500000000000004       5.45900934337407214E-003
   3.7000000000000002       4.89956042362657985E-003
   3.7500000000000000       4.39889430598754561E-003
   3.8000000000000003       3.95066482453480111E-003
   3.8500000000000001       3.54923051160641002E-003
   3.9000000000000004       3.18957512110188248E-003
   3.9500000000000002       2.86723539263297527E-003
   4.0000000000000000       2.57823816201925311E-003
&
